   1.9111236e+04   4.5666244e+03   4.1669034e+04   6.9568497e+04   6.6781371e+04   9.9728507e+03   2.2516551e+04   6.7687251e+03   7.3618948e+03   2.9465289e+04   3.7078254e+04   1.3046879e+03   1.2865659e+04   1.7361134e+04   4.1133343e+03   5.7340520e+04   1.3922544e+03   1.2651683e+04   1.4885072e+04   6.9254378e+02   9.1905887e+03   2.1223845e+04   1.4527940e+03   6.0495638e+03   2.4564186e+02   2.6578154e+04   1.6742416e+03   1.4281775e+04   3.8763608e+04   5.1520722e+03
   7.2730568e+03   4.5666244e+03   1.0492822e+04   1.8813470e+03   3.2687156e+03   5.6662727e+03   9.7267174e+02   4.0596262e+03   7.3618948e+03   1.1107441e+04   6.6292003e+03   1.3046879e+03   1.2865659e+04   1.2035955e+03   4.1133343e+03   1.5283308e+04   1.3922544e+03   4.3291775e+03   9.6685494e+02   6.9254378e+02   9.1905887e+03   5.5435670e+03   1.4527940e+03   4.1858005e+03   2.4564186e+02   3.8772716e+02   1.6742416e+03   3.4223851e+03   2.5506648e+03   5.1520722e+03
   3.5109774e+03   3.2779490e+03   1.4531344e+03   1.8813470e+03   3.2687156e+03   4.2401819e+02   9.7267174e+02   1.9153607e+03   1.4778235e+03   1.9281879e+03   1.8726286e+03   1.3046879e+03   1.2628910e+03   1.2035955e+03   2.8464544e+03   5.2071756e+03   1.3922544e+03   2.4389174e+02   5.1271664e+02   6.9254378e+02   5.4307510e+03   1.0738808e+03   1.4527940e+03   7.3226561e+02   2.4564186e+02   3.8772716e+02   1.2935551e+03   1.2176267e+03   1.9004539e+03   3.4347742e+03
   2.1485080e+03   4.0922912e+02   6.7724240e+02   4.7722273e+02   3.2687156e+03   4.2401819e+02   5.0233545e+02   1.2900099e+03   1.4778235e+03   1.9205569e+03   3.2742188e+02   4.7065894e+02   1.5883995e+02   4.9195456e+02   1.5925398e+03   7.3086109e+02   3.6395261e+02   2.4389174e+02   1.6494492e+02   4.6793155e+02   3.8998022e+02   1.7869775e+02   3.9539000e+02   7.3226561e+02   2.4564186e+02   3.8772716e+02   4.8404781e+02   1.2176267e+03   1.6457266e+03   1.8640768e+03
   9.7795130e+02   1.3583769e+02   6.7724240e+02   4.7722273e+02   2.2785918e+02   2.8250441e+02   2.8079020e+02   5.2991902e+01   7.5949700e+01   5.9184241e+02   5.5265259e+01   8.7316958e+01   1.5715423e+02   2.3686382e+02   1.9969143e+02   7.3086109e+02   7.6757894e+01   1.1825809e+02   1.6494492e+02   1.6958991e+02   2.4957468e+02   5.2439851e+01   3.7977331e+01   3.7111116e+02   2.4564186e+02   2.3062180e+02   2.1738476e+02   9.9558339e+01   1.1367896e+02   6.4800009e+01
   9.5016860e+01   1.7023019e+01   2.3927902e+01   3.5073969e+01   6.7317318e+01   4.8119455e+01   4.9951494e+01   1.7301396e+01   2.9888299e+01   4.5671234e+01   5.5265259e+01   7.1330539e+01   3.6593791e+01   2.3310719e+01   5.5471441e+01   4.0066026e+01   1.4036846e+01   3.6518299e+01   2.4665836e+01   5.0490007e+01   6.5038742e+01   5.1652646e+01   3.7977331e+01   5.2312906e+01   3.7782564e+01   6.9273710e+01   2.7508906e+01   5.4096399e+01   2.4166506e+01   6.4800009e+01
   1.1639548e+01   9.2548717e+00   1.0179203e+01   8.8526268e+00   1.4837125e+01   9.4903840e+00   9.9433744e+00   1.0757133e+01   1.2803682e+01   2.2959513e+01   1.6955302e+01   1.1807101e+01   1.2341052e+01   1.6237585e+01   1.0860461e+01   1.2654671e+01   1.1104245e+01   1.0073518e+01   2.4371469e+01   1.5900261e+01   1.5934840e+01   8.6552556e+00   1.1018763e+01   1.6045937e+01   1.1458195e+01   1.9100428e+01   9.0550033e+00   1.1302764e+01   1.4696691e+01   1.3489770e+01
   4.5171696e+00   6.1617563e+00   5.9153659e+00   6.9911814e+00   4.8259750e+00   5.4967927e+00   7.0824653e+00   5.7474194e+00   5.0620659e+00   5.4295282e+00   6.4159280e+00   5.4974016e+00   7.3849971e+00   6.2349227e+00   4.9876871e+00   5.3518160e+00   4.4646134e+00   4.6225050e+00   5.9367517e+00   4.0644818e+00   6.0429201e+00   6.6005765e+00   4.8610142e+00   6.7203143e+00   5.5541849e+00   6.3908422e+00   5.4736165e+00   4.2517780e+00   6.1595079e+00   6.4113592e+00
   3.4510694e+00   4.3821885e+00   4.2220426e+00   4.6380379e+00   3.3739508e+00   3.3830072e+00   4.1317691e+00   4.3380589e+00   2.5117497e+00   4.4424558e+00   4.4728045e+00   4.4309411e+00   4.7772567e+00   4.4419101e+00   3.2594974e+00   4.0658442e+00   2.8858383e+00   3.6588268e+00   4.1881922e+00   4.0644818e+00   3.4006452e+00   4.4433600e+00   3.4592629e+00   3.1042254e+00   3.7544767e+00   3.3353107e+00   3.6651997e+00   3.9580234e+00   3.6017516e+00   4.6713622e+00
   2.0920798e+00   3.2176060e+00   3.4471587e+00   4.0379389e+00   3.3739508e+00   3.3830072e+00   3.0191433e+00   4.3380589e+00   2.5117497e+00   3.4421961e+00   4.2042506e+00   3.1284632e+00   4.2671976e+00   3.4124815e+00   3.2245153e+00   3.7849943e+00   2.8858383e+00   3.2518617e+00   3.3074480e+00   3.0756622e+00   3.4006452e+00   3.6920574e+00   3.4592629e+00   3.1042254e+00   3.0263281e+00   3.3353107e+00   3.4600836e+00   2.1951430e+00   3.0125836e+00   4.4002714e+00
   2.0920798e+00   3.2078435e+00   2.7016816e+00   2.7582360e+00   3.3739508e+00   3.0923009e+00   3.0191433e+00   3.5542277e+00   2.5117497e+00   2.9986984e+00   3.5861215e+00   2.6164062e+00   3.4549655e+00   3.4124815e+00   2.9326504e+00   3.1834939e+00   2.7078282e+00   3.0271887e+00   2.5259425e+00   3.0756622e+00   3.4006452e+00   2.8916933e+00   3.2387433e+00   3.1042254e+00   3.0263281e+00   3.0365640e+00   2.6261484e+00   2.1951430e+00   3.0125836e+00   2.9276419e+00
   2.0920798e+00   3.2078435e+00   2.4780249e+00   2.7582360e+00   2.9792746e+00   3.0321051e+00   2.6831347e+00   3.5542277e+00   2.5117497e+00   2.2085023e+00   1.8337383e+00   2.6164062e+00   2.4615178e+00   2.6011806e+00   2.8292873e+00   3.0429056e+00   2.7078282e+00   2.6613385e+00   2.5259425e+00   2.9413649e+00   3.4006452e+00   2.5822580e+00   3.2387433e+00   2.9590847e+00   3.0263281e+00   2.4118807e+00   2.6261484e+00   2.1951430e+00   2.7089346e+00   2.5757205e+00
   2.0920798e+00   2.3635994e+00   1.8914338e+00   2.1808105e+00   2.9305603e+00   2.9305911e+00   2.0898217e+00   2.5979149e+00   2.5117497e+00   2.2085023e+00   1.8337383e+00   1.7311412e+00   1.9974675e+00   1.4923237e+00   1.5557642e+00   1.8645790e+00   2.7078282e+00   2.1226073e+00   2.5259425e+00   2.7497682e+00   2.9256940e+00   2.5822580e+00   2.1666790e+00   2.5914224e+00   2.7151646e+00   1.8890631e+00   2.6261484e+00   2.1951430e+00   2.1027564e+00   2.5757205e+00
   2.0920798e+00   2.1134902e+00   1.8914338e+00   2.1808105e+00   2.3188303e+00   2.8932747e+00   2.0898217e+00   2.0227324e+00   1.9524315e+00   2.0866179e+00   1.8337383e+00   1.7311412e+00   1.3421004e+00   1.4923237e+00   1.5557642e+00   1.8645790e+00   2.3130168e+00   2.1226073e+00   2.1080407e+00   2.7497682e+00   2.0732184e+00   2.5615087e+00   2.1666790e+00   2.4427371e+00   1.7322668e+00   1.8890631e+00   2.6261484e+00   1.9642428e+00   2.1027564e+00   2.3812303e+00
   2.0920798e+00   1.8290143e+00   1.6807010e+00   2.1808105e+00   2.3188303e+00   2.1651242e+00   2.0898217e+00   2.0227324e+00   1.9524315e+00   2.0866179e+00   1.8337383e+00   1.7311412e+00   1.3421004e+00   1.4923237e+00   1.5557642e+00   1.8645790e+00   1.5917337e+00   2.0261805e+00   2.1080407e+00   1.6556742e+00   1.8249206e+00   1.9700623e+00   2.1660678e+00   1.8074262e+00   1.6817049e+00   1.8890631e+00   2.3779489e+00   1.6445197e+00   2.0431531e+00   2.2984367e+00
   1.8048305e+00   1.8290143e+00   1.6807010e+00   2.1808105e+00   1.3879532e+00   8.0654477e-01   2.0898217e+00   2.0227324e+00   1.9270497e+00   1.3257602e+00   1.7537711e+00   1.7311412e+00   1.3421004e+00   1.4923237e+00   1.5557642e+00   1.8645790e+00   1.5917337e+00   1.8353232e+00   2.1080407e+00   1.6556742e+00   1.7565756e+00   1.9340381e+00   2.0256438e+00   1.4359411e+00   1.1543526e+00   1.7994211e+00   2.0372275e+00   1.6445197e+00   1.9016430e+00   1.8272501e+00
