   1.8741714e+03   2.2691927e+03   2.4621447e+03   2.2233979e+03   2.2693220e+03   2.4890080e+03   2.1383036e+03   2.5303063e+03   2.6874092e+03   2.4159636e+03   2.2502105e+03   2.4180322e+03   2.5649731e+03   2.4890080e+03   2.1850806e+03   1.8872367e+03   2.4414558e+03   2.3179657e+03   2.6314752e+03   2.6279086e+03   2.5734192e+03   2.4866432e+03   2.5135778e+03   2.4163296e+03   2.6781547e+03   2.0951860e+03   2.4399640e+03   1.8859729e+03   2.2827884e+03   1.9397390e+03
   1.8741714e+03   2.0681247e+03   2.0500514e+03   2.2233979e+03   2.2693220e+03   2.2250148e+03   2.1383036e+03   2.3485010e+03   2.0513015e+03   1.8045010e+03   2.2502105e+03   2.4180322e+03   1.9891559e+03   2.2250148e+03   2.1096590e+03   1.8872367e+03   2.0804703e+03   2.3179657e+03   2.3212335e+03   2.4057976e+03   2.5734192e+03   2.3459805e+03   2.2236513e+03   2.0095055e+03   2.5608150e+03   2.0951860e+03   2.2141893e+03   1.8859729e+03   2.2319841e+03   1.9397390e+03
   1.8741714e+03   2.0681247e+03   2.0500514e+03   2.2063538e+03   2.2233482e+03   2.1620508e+03   2.1383036e+03   2.3485010e+03   2.0513015e+03   1.8045010e+03   2.1333384e+03   2.3003564e+03   1.9529296e+03   2.1620508e+03   2.1096590e+03   1.8872367e+03   2.0804703e+03   2.2800951e+03   2.1667509e+03   2.2183750e+03   2.2357750e+03   2.3459805e+03   2.2184033e+03   2.0095055e+03   1.6654059e+03   1.7225806e+03   1.7530211e+03   1.8859729e+03   2.1799031e+03   1.9397390e+03
   1.8741714e+03   2.0681247e+03   2.0153512e+03   2.2063538e+03   2.2233482e+03   2.0082297e+03   2.1383036e+03   2.3183161e+03   1.9974762e+03   1.8045010e+03   1.8953941e+03   2.2294837e+03   1.9529296e+03   2.0082297e+03   2.1096590e+03   1.8872367e+03   1.6919402e+03   2.2800951e+03   2.1667509e+03   2.1606261e+03   2.2357750e+03   1.6529817e+03   1.8823741e+03   1.8674172e+03   1.6654059e+03   1.7225806e+03   1.7530211e+03   1.8859729e+03   2.1759830e+03   1.9397390e+03
   1.7810071e+03   2.0261767e+03   1.7702094e+03   1.7681587e+03   2.2233482e+03   2.0082297e+03   2.1383036e+03   1.9148326e+03   1.8129695e+03   1.7976249e+03   1.8953941e+03   2.2294837e+03   1.9207276e+03   2.0082297e+03   2.0349145e+03   1.8149543e+03   1.6919402e+03   1.9403326e+03   1.9297257e+03   2.1442536e+03   1.3609372e+03   1.6529817e+03   1.8823741e+03   1.8674172e+03   1.6654059e+03   1.7225806e+03   1.7530211e+03   1.8859729e+03   2.0740698e+03   1.9397390e+03
   1.7810071e+03   1.9601190e+03   1.7702094e+03   1.7681587e+03   2.2233482e+03   1.6619503e+03   2.1090799e+03   1.9148326e+03   1.6233500e+03   1.4868540e+03   1.8953941e+03   2.2294837e+03   1.4127178e+03   1.6619503e+03   1.0398522e+03   1.8149543e+03   1.6919402e+03   1.9403326e+03   1.3477361e+03   1.4197696e+03   1.3609372e+03   1.6529817e+03   1.7560722e+03   1.8674172e+03   1.6654059e+03   1.7225806e+03   1.7530211e+03   1.5041549e+03   2.0021689e+03   1.9397390e+03
   1.2042193e+03   1.7728150e+03   1.4951314e+03   1.7681587e+03   1.7301607e+03   1.6570573e+03   1.9287358e+03   1.4750828e+03   1.6233500e+03   1.4868540e+03   1.3572849e+03   1.5086176e+03   1.4127178e+03   1.6570573e+03   1.0398522e+03   1.5685330e+03   1.6919402e+03   1.7877186e+03   1.3477361e+03   1.4197696e+03   1.2691605e+03   1.4140328e+03   1.7560722e+03   1.6541119e+03   1.3176533e+03   1.7225806e+03   1.6866392e+03   1.5041549e+03   1.5402772e+03   1.6341875e+03
   1.2042193e+03   1.6452513e+03   1.4951314e+03   1.7641681e+03   1.5893756e+03   1.5679477e+03   1.6840532e+03   1.4750828e+03   1.6233500e+03   1.4868540e+03   1.3572849e+03   1.5086176e+03   1.4127178e+03   1.5679477e+03   1.0398522e+03   1.4998751e+03   1.0911751e+03   1.5407732e+03   1.3477361e+03   1.3386605e+03   1.2691605e+03   1.4140328e+03   1.5204217e+03   1.6541119e+03   1.3176533e+03   1.6199860e+03   1.6032280e+03   1.5041549e+03   1.5402772e+03   1.6341875e+03
   1.0366838e+03   1.2019420e+03   1.1924026e+03   1.5972771e+03   1.5893756e+03   1.3066509e+03   1.2605343e+03   1.3715441e+03   9.2532631e+02   1.1981216e+03   1.3572849e+03   1.2800298e+03   1.4127178e+03   1.3066509e+03   1.0398522e+03   1.4021488e+03   1.0911751e+03   1.4662883e+03   1.3477361e+03   1.3386605e+03   1.2691605e+03   1.4140328e+03   1.0424998e+03   1.6541119e+03   1.3176533e+03   1.4988507e+03   1.4034805e+03   1.3392814e+03   1.4712713e+03   1.5134316e+03
   1.0366838e+03   1.2019420e+03   1.1924026e+03   1.4276177e+03   1.2749590e+03   1.3066509e+03   1.2605343e+03   1.0606457e+03   9.2532631e+02   1.1981216e+03   1.2739662e+03   1.1905402e+03   1.3972808e+03   1.3066509e+03   1.0398522e+03   1.4021488e+03   1.0911751e+03   1.2806312e+03   1.2081439e+03   1.3386605e+03   1.2691605e+03   1.4140328e+03   1.0424998e+03   1.3882369e+03   1.0687769e+03   1.4988507e+03   1.1514435e+03   1.0442037e+03   1.1472156e+03   1.5134316e+03
   8.6847867e+02   1.2019420e+03   1.1924026e+03   1.0196231e+03   1.2749590e+03   1.3066509e+03   1.2605343e+03   1.0606457e+03   9.2532631e+02   1.1948367e+03   1.2739662e+03   1.1730719e+03   1.3477867e+03   1.3066509e+03   1.0398522e+03   1.0262970e+03   1.0911751e+03   1.2753708e+03   1.0265971e+03   1.1631605e+03   1.2691605e+03   1.4053250e+03   1.0424998e+03   1.0894706e+03   1.0687769e+03   1.1172946e+03   1.1514435e+03   1.0442037e+03   8.5168725e+02   1.5026160e+03
   8.6847867e+02   7.7390358e+02   9.6343384e+02   1.0196231e+03   9.3435611e+02   1.1863604e+03   1.1673980e+03   1.0479249e+03   9.2532631e+02   1.0821285e+03   1.2079436e+03   8.4345140e+02   1.2250173e+03   1.1863604e+03   7.5628440e+02   1.0262970e+03   1.0911751e+03   8.5098636e+02   7.6094932e+02   1.0549958e+03   9.3877667e+02   1.2512495e+03   5.2324400e+02   1.0894706e+03   1.0687769e+03   1.1172946e+03   7.8208483e+02   1.0442037e+03   8.5168725e+02   9.5495315e+02
   8.6847867e+02   7.7390358e+02   7.9900901e+02   1.0196231e+03   8.3310559e+02   6.5885904e+02   1.0304503e+03   1.0297179e+03   8.8029320e+02   9.3279620e+02   1.1445984e+03   8.4345140e+02   9.1085275e+02   6.5885904e+02   7.5628440e+02   9.4501667e+02   1.0911751e+03   8.5098636e+02   7.0877042e+02   1.0549958e+03   9.3877667e+02   1.1210860e+03   5.2324400e+02   7.8313746e+02   7.1708337e+02   9.2923086e+02   7.8208483e+02   9.5203389e+02   8.4761859e+02   9.5495315e+02
   8.6847867e+02   7.7390358e+02   5.9699919e+02   1.0195836e+03   8.3310559e+02   6.5885904e+02   8.0102486e+02   6.1015868e+02   7.4194598e+02   6.7966966e+02   6.9446483e+02   7.0938369e+02   8.1845308e+02   6.5885904e+02   7.5628440e+02   6.1803619e+02   1.0656950e+03   7.9573660e+02   7.0210270e+02   6.1288196e+02   8.5723303e+02   7.8617262e+02   5.2324400e+02   7.8313746e+02   5.0183346e+02   7.3298360e+02   7.4406988e+02   6.3080522e+02   4.4603371e+02   8.2274916e+02
   5.2773033e+02   5.8666008e+02   5.9699919e+02   7.5598358e+02   8.1821979e+02   6.1369896e+02   8.0102486e+02   3.8241246e+02   5.9219741e+02   6.5216582e+02   6.1146842e+02   6.9206870e+02   4.8333638e+02   6.1369896e+02   6.1246003e+02   6.1803619e+02   5.3997433e+02   5.2748304e+02   1.2905943e+02   5.1311148e+02   5.8167450e+02   7.8617262e+02   2.3492292e+02   7.0087914e+02   5.0183346e+02   6.5150695e+02   5.6685882e+02   6.3080522e+02   4.4603371e+02   7.1722128e+02
   1.9451288e+02   3.2547763e+02   2.3257983e+02   5.3056305e+02   4.3222938e+02   3.0859012e+02   3.3258316e+02   1.6430443e+01   1.4776094e+02   1.4882528e+02   2.2215251e+02   2.4602864e+02   5.9492033e+01   3.0859012e+02   3.9058981e+02   2.9578221e+02   2.9326375e+02   1.6011124e+02   4.3718109e-01   5.1311148e+02   3.0362073e+02   1.8959679e+02   1.5054179e+02   2.7516086e+02   2.7956550e+02   5.5232077e+02   6.1672573e+01   5.2509196e+02   9.4159832e+01   1.2408072e+02
