   4.6062824e+09   1.2046346e+10   9.1219250e+09   1.0446440e+10   7.2373211e+09   5.8851061e+09   8.2513587e+09   5.5354927e+09   6.9941165e+09   1.0041133e+10   8.1802287e+09   4.3928105e+09   7.6794829e+09   7.4676695e+09   7.5196443e+09   5.6822100e+09   6.5149476e+09   5.2891821e+09   8.7843558e+09   1.1497037e+10   7.7896229e+09   6.8814742e+09   5.3002454e+09   5.3455362e+09   8.5120964e+09   7.2191724e+09   9.6535325e+09   4.8322218e+09   1.1063296e+10   5.0589701e+09
   3.6392319e+09   4.4192553e+09   5.0888008e+09   3.9901057e+09   1.1373144e+09   4.3016819e+09   5.3722521e+09   4.0766193e+09   2.1037370e+09   4.2309068e+09   5.0910837e+09   4.3928105e+09   7.3414242e+09   6.2460242e+09   5.1440777e+09   5.0410802e+09   1.6162425e+09   5.2891821e+09   5.1642927e+09   6.2408955e+09   5.2402853e+09   5.2774373e+09   3.7359218e+09   4.7702730e+09   4.2192127e+09   4.5242117e+09   6.8707514e+09   2.5039816e+09   4.9181514e+09   5.0589701e+09
   2.6966563e+09   4.1226760e+09   5.0888008e+09   3.9901057e+09   1.1373144e+09   4.3016819e+09   4.3560552e+09   2.8196034e+09   2.1037370e+09   4.1124834e+09   5.0910837e+09   4.3928105e+09   5.6749470e+09   3.0052273e+09   3.0991312e+09   5.0410802e+09   1.6162425e+09   5.2891821e+09   3.9314719e+09   2.8876909e+09   3.5890622e+09   5.2774373e+09   3.7359218e+09   4.7294295e+09   4.2192127e+09   4.5242117e+09   4.0008486e+09   2.1999450e+09   4.9181514e+09   3.0276026e+09
   2.6966563e+09   3.9972158e+09   2.9613221e+09   3.8992623e+09   1.1373144e+09   3.9630126e+09   3.6150134e+09   2.8196034e+09   2.1037370e+09   4.1124834e+09   5.0910837e+09   4.3874923e+09   4.0880008e+09   3.0052273e+09   3.0991312e+09   2.2090359e+09   1.6162425e+09   3.9841817e+09   3.9314719e+09   2.8876909e+09   3.5890622e+09   4.2984872e+09   2.0440467e+09   4.4973137e+09   4.1783722e+09   3.4291156e+09   3.6529164e+09   2.1999450e+09   4.8105621e+09   3.0276026e+09
   1.1026110e+09   1.7440330e+09   1.2421349e+09   1.9817158e+09   1.1373144e+09   1.8683411e+09   1.6738812e+09   8.7711302e+08   1.6948558e+09   1.8101791e+09   2.1536100e+09   2.0940988e+09   6.8059245e+08   1.8329825e+09   1.6978140e+09   2.0076030e+09   1.4531511e+09   2.6565285e+09   2.5060571e+09   1.5394897e+09   2.1138924e+09   1.3437923e+09   2.0440467e+09   8.5040379e+08   1.3094730e+09   1.9501093e+09   2.3192864e+09   1.0168008e+09   1.3397936e+09   1.6084062e+09
   1.0911193e+09   7.5824317e+08   8.1118240e+08   7.8821983e+08   6.0395857e+08   7.2650053e+08   8.1545397e+08   7.8609098e+08   7.2346794e+08   1.1671535e+09   6.4093259e+08   5.5358118e+08   6.8059245e+08   9.7645553e+08   8.3912064e+08   9.1967844e+08   8.2836990e+08   9.3454647e+08   8.2912418e+08   1.0039049e+09   1.0053433e+09   8.7074280e+08   6.6426062e+08   7.2662239e+08   3.7113726e+08   1.1857042e+09   1.4802490e+09   7.1205353e+08   1.0677976e+09   4.7104708e+08
   2.7437699e+08   2.0331462e+08   2.4869062e+08   3.1735181e+08   1.0549845e+08   1.3453514e+08   2.1026258e+08   1.6583306e+08   3.1405276e+08   3.3044560e+08   2.1805710e+08   1.7721659e+08   2.3149081e+08   1.6548939e+08   2.1024337e+08   2.5299222e+08   3.2740409e+08   2.0481378e+08   4.4652144e+08   5.9706773e+08   3.0995177e+08   3.0310553e+08   1.4133654e+08   1.2656180e+08   1.0352250e+08   1.8210258e+08   3.1810412e+08   2.5390790e+08   2.2951791e+08   1.7081471e+08
   2.5040367e+07   2.1493766e+07   1.8037903e+07   4.2018341e+07   1.3830938e+07   2.2083934e+07   4.1475348e+07   2.9715208e+07   2.8305089e+07   5.4508794e+07   2.6476657e+07   2.8442456e+07   4.1484827e+07   3.6859874e+07   3.1450478e+07   2.8160414e+07   3.2781423e+07   1.6077759e+07   3.8962700e+07   4.8513017e+07   4.7009943e+07   1.8788662e+07   2.7624859e+07   2.2384551e+07   3.2230945e+07   2.1106959e+07   3.7787045e+07   1.7179554e+07   3.4043656e+07   3.5701571e+07
   1.8155761e+06   2.0182237e+06   1.7391420e+06   3.2838093e+06   7.5823664e+05   1.2259118e+06   1.8127070e+06   9.5137056e+05   6.4016919e+05   1.5142330e+06   1.1313182e+06   1.7748400e+06   1.3064642e+06   5.9024966e+05   2.2620057e+06   1.9714411e+06   1.5125661e+06   1.0811646e+06   1.1734631e+06   2.7796894e+06   1.5619076e+06   1.1949528e+06   1.1852372e+06   9.1512476e+05   1.9522205e+06   1.2298535e+06   1.4587988e+06   1.5304521e+06   1.2059962e+06   1.3982370e+06
   8.5424553e+03   1.1734552e+04   2.2164490e+04   2.2659789e+04   4.9471648e+03   9.8502403e+03   1.6357417e+04   1.0280303e+04   1.3052465e+04   2.1816055e+04   3.8162151e+03   1.3684617e+04   1.3503685e+04   8.8172917e+03   1.7069699e+04   1.1329749e+04   8.0282703e+03   1.2905537e+04   9.1376123e+03   2.5061006e+04   6.6242597e+03   1.3201314e+04   2.2210153e+04   8.4050025e+03   1.3016239e+04   1.1383951e+04   4.5309579e+03   1.6436756e+04   1.1779754e+04   8.6967793e+03
   1.5917604e+01   7.1822130e+00   2.4162551e+01   2.0520836e+01   1.0920126e+01   1.2618255e+01   1.0039915e+01   2.0364559e+01   1.7642539e+01   1.7251128e+01   6.7702164e+00   1.2445807e+01   2.4267226e+01   7.2296503e+00   1.6865032e+01   9.3334885e+00   1.8871297e+01   6.7586125e+00   8.4748455e+00   8.2215240e+00   1.5851509e+01   1.0655319e+01   2.9490426e+01   7.3896146e+00   1.1058461e+01   1.2235641e+01   2.0094649e+01   1.8473746e+01   9.5062491e+00   1.1138727e+01
   3.7353055e-04   2.6209898e-04   6.9645176e-04   3.4419432e-04   1.2814658e-04   3.2265338e-04   3.1880900e-04   3.1855149e-04   3.4845622e-04   4.2941373e-04   7.8629304e-05   3.5763033e-04   4.2429682e-04   1.6194546e-04   3.0570202e-04   4.1956560e-04   3.2257412e-04   1.9343588e-04   3.5543834e-04   1.7931902e-04   4.3803912e-04   1.6671569e-04   6.1018863e-04   1.7052852e-04   3.5957591e-04   2.1167770e-04   2.8371400e-04   6.1301730e-04   2.0803266e-04   2.9967249e-04
   0.0000000e+00   0.0000000e+00   0.0000000e+00   0.0000000e+00   0.0000000e+00   0.0000000e+00   0.0000000e+00   0.0000000e+00   0.0000000e+00   0.0000000e+00   0.0000000e+00   0.0000000e+00   0.0000000e+00   0.0000000e+00   0.0000000e+00   0.0000000e+00   0.0000000e+00   0.0000000e+00   0.0000000e+00   0.0000000e+00   0.0000000e+00   0.0000000e+00   0.0000000e+00   0.0000000e+00   0.0000000e+00   0.0000000e+00   0.0000000e+00   0.0000000e+00   0.0000000e+00   0.0000000e+00
   0.0000000e+00   0.0000000e+00   0.0000000e+00   0.0000000e+00   0.0000000e+00   0.0000000e+00   0.0000000e+00   0.0000000e+00   0.0000000e+00   0.0000000e+00   0.0000000e+00   0.0000000e+00   0.0000000e+00   0.0000000e+00   0.0000000e+00   0.0000000e+00   0.0000000e+00   0.0000000e+00   0.0000000e+00   0.0000000e+00   0.0000000e+00   0.0000000e+00   0.0000000e+00   0.0000000e+00   0.0000000e+00   0.0000000e+00   0.0000000e+00   0.0000000e+00   0.0000000e+00   0.0000000e+00
   0.0000000e+00   0.0000000e+00   0.0000000e+00   0.0000000e+00   0.0000000e+00   0.0000000e+00   0.0000000e+00   0.0000000e+00   0.0000000e+00   0.0000000e+00   0.0000000e+00   0.0000000e+00   0.0000000e+00   0.0000000e+00   0.0000000e+00   0.0000000e+00   0.0000000e+00   0.0000000e+00   0.0000000e+00   0.0000000e+00   0.0000000e+00   0.0000000e+00   0.0000000e+00   0.0000000e+00   0.0000000e+00   0.0000000e+00   0.0000000e+00   0.0000000e+00   0.0000000e+00   0.0000000e+00
   0.0000000e+00   0.0000000e+00   0.0000000e+00   0.0000000e+00   0.0000000e+00   0.0000000e+00   0.0000000e+00   0.0000000e+00   0.0000000e+00   0.0000000e+00   0.0000000e+00   0.0000000e+00   0.0000000e+00   0.0000000e+00   0.0000000e+00   0.0000000e+00   0.0000000e+00   0.0000000e+00   0.0000000e+00   0.0000000e+00   0.0000000e+00   0.0000000e+00   0.0000000e+00   0.0000000e+00   0.0000000e+00   0.0000000e+00   0.0000000e+00   0.0000000e+00   0.0000000e+00   0.0000000e+00
