   3.1449975e+02   2.7216839e+02   4.4925938e+02   3.4173838e+02   3.5593228e+02   4.1924383e+02   3.8871914e+02   3.6175287e+02   4.2599197e+02   4.5178731e+02   2.7785118e+02   3.3209330e+02   3.8471239e+02   3.9470139e+02   2.6489532e+02   4.0749270e+02   3.4913043e+02   3.5163645e+02   3.7854519e+02   3.9142185e+02   3.1765506e+02   5.2913975e+02   3.6448784e+02   4.1830047e+02   2.6433093e+02   3.8940931e+02   3.2808158e+02   3.2727261e+02   3.0610665e+02   4.0293440e+02
   2.7793589e+02   2.7216839e+02   2.7017834e+02   3.4173838e+02   3.3096279e+02   3.5928022e+02   2.5386937e+02   2.9230091e+02   3.5726522e+02   2.9089106e+02   2.7178059e+02   2.7306772e+02   2.4807212e+02   2.8102006e+02   2.1575897e+02   2.9423666e+02   3.1732159e+02   2.3329277e+02   2.4079419e+02   1.9540824e+02   3.1765506e+02   2.6678186e+02   3.3838941e+02   2.9139642e+02   2.1775732e+02   3.2968504e+02   3.2808158e+02   2.6662795e+02   2.1824573e+02   3.0495458e+02
   2.4341542e+02   1.2262371e+02   2.5502003e+02   2.5691957e+02   2.3805076e+02   2.5553940e+02   1.7607165e+02   2.2969239e+02   2.2438210e+02   2.9089106e+02   2.4532376e+02   2.7306772e+02   2.1936993e+02   1.8850177e+02   2.0373575e+02   2.4547163e+02   2.5286507e+02   1.9079887e+02   1.6984895e+02   1.9540824e+02   2.6242491e+02   2.6678186e+02   2.7172479e+02   2.6132669e+02   2.1775732e+02   2.4290821e+02   2.3620315e+02   1.7803785e+02   1.9767457e+02   1.8493666e+02
   2.0601929e+02   1.2262371e+02   2.3121251e+02   2.4010053e+02   2.3805076e+02   2.2928573e+02   1.7607165e+02   1.9443954e+02   2.2438210e+02   2.2550489e+02   2.4532376e+02   2.0898387e+02   2.1936993e+02   1.8850177e+02   2.0373575e+02   2.3142010e+02   2.3614082e+02   1.9079887e+02   1.6984895e+02   1.8553496e+02   2.3749198e+02   1.8475418e+02   1.4959238e+02   2.0610552e+02   2.1775732e+02   1.5735638e+02   1.6952388e+02   1.7803785e+02   1.8396197e+02   1.8493666e+02
   1.6209074e+02   1.2262371e+02   1.4686983e+02   1.6763070e+02   1.3295313e+02   1.8677826e+02   1.7607165e+02   1.6758388e+02   1.5762125e+02   1.7789473e+02   1.2729427e+02   1.5933142e+02   1.6162430e+02   1.5480245e+02   1.8648817e+02   1.4212026e+02   1.5776573e+02   1.7743702e+02   1.6531351e+02   1.4214366e+02   1.4166042e+02   1.8475418e+02   1.4321463e+02   1.2815885e+02   1.5198248e+02   1.0704312e+02   1.3471499e+02   1.5869995e+02   1.1544402e+02   1.5940173e+02
   8.3269954e+01   1.0911755e+02   1.1295536e+02   9.3491497e+01   1.3295313e+02   1.0012384e+02   1.2983386e+02   1.3815535e+02   1.0711385e+02   7.5095157e+01   1.2729427e+02   1.2690654e+02   1.1953954e+02   1.1202651e+02   1.2526406e+02   1.4212026e+02   1.5133681e+02   1.0273550e+02   1.3661801e+02   1.0932546e+02   1.4166042e+02   1.0960891e+02   1.1261787e+02   1.2815885e+02   1.3997869e+02   1.0704312e+02   1.0245125e+02   1.2112944e+02   9.9138673e+01   1.1115392e+02
   7.9638229e+01   6.1035580e+01   7.6905863e+01   9.3401270e+01   8.5341942e+01   7.3119687e+01   1.0823067e+02   1.0183666e+02   9.1529617e+01   7.5095157e+01   7.2915431e+01   8.4102004e+01   9.6346155e+01   7.5505156e+01   8.8394801e+01   7.9200757e+01   9.6591165e+01   7.6972348e+01   1.0157043e+02   9.3625721e+01   1.0024773e+02   8.1665181e+01   8.3778313e+01   9.2015501e+01   7.6190411e+01   8.3563017e+01   8.6907544e+01   7.9800983e+01   5.7778881e+01   8.4367499e+01
   7.1025686e+01   5.0332084e+01   6.3509154e+01   7.2511616e+01   7.7500766e+01   7.3119687e+01   6.6301043e+01   5.3313289e+01   7.9221543e+01   7.5095157e+01   7.0363972e+01   7.6371620e+01   6.9702132e+01   5.5277326e+01   7.0264386e+01   6.9304506e+01   6.4526891e+01   6.7836233e+01   6.9702121e+01   5.9985054e+01   7.4326700e+01   7.6362153e+01   6.9585250e+01   6.9575596e+01   6.3253993e+01   6.3456632e+01   7.3792784e+01   6.5840983e+01   5.4425399e+01   5.5550115e+01
   6.4054834e+01   5.0332084e+01   6.3509154e+01   5.8795442e+01   4.9234093e+01   5.6719949e+01   4.4614517e+01   5.3313289e+01   6.2468953e+01   4.8830657e+01   4.0572285e+01   6.8840839e+01   5.3519026e+01   4.6029605e+01   5.1884460e+01   5.8193535e+01   6.0884722e+01   5.0796642e+01   5.7753433e+01   5.9081513e+01   6.6796176e+01   5.0002592e+01   5.8417870e+01   6.3849614e+01   6.1233249e+01   6.3416955e+01   6.6157432e+01   5.3627748e+01   4.7033610e+01   5.1104300e+01
   5.0629385e+01   4.8778532e+01   4.9400898e+01   4.3056713e+01   4.9234093e+01   4.6274334e+01   4.4614517e+01   5.0009633e+01   5.0911157e+01   4.8830657e+01   3.9493416e+01   5.6607978e+01   4.9530409e+01   4.2027535e+01   5.1283319e+01   4.7599328e+01   4.7736026e+01   5.0796642e+01   3.4106130e+01   4.5783208e+01   5.5130926e+01   4.8376843e+01   5.2171242e+01   4.1211503e+01   4.6863033e+01   4.8855665e+01   4.9842970e+01   5.1090455e+01   4.4899944e+01   5.0805121e+01
   3.8130824e+01   4.8778532e+01   3.2812337e+01   4.3056713e+01   4.6664885e+01   4.5917097e+01   4.2213026e+01   3.6400277e+01   4.0027437e+01   4.6476193e+01   3.7384975e+01   5.1207290e+01   4.0268193e+01   4.2027535e+01   4.8826274e+01   4.7599328e+01   4.7736026e+01   5.0796642e+01   3.4106130e+01   4.5590589e+01   4.1501101e+01   4.8376843e+01   4.8077243e+01   4.1211503e+01   4.2259997e+01   4.8855665e+01   4.1560794e+01   4.6851354e+01   3.7787401e+01   4.1539044e+01
   3.8130824e+01   4.0925039e+01   3.2812337e+01   4.2582491e+01   3.7451225e+01   4.5917097e+01   4.2213026e+01   3.6400277e+01   3.8767936e+01   4.6174582e+01   3.7384975e+01   4.1076323e+01   2.9121713e+01   4.2027535e+01   3.6869809e+01   3.7969079e+01   3.8093283e+01   3.3205320e+01   3.4106130e+01   3.5032540e+01   2.9752308e+01   4.1460773e+01   4.1252976e+01   3.6886012e+01   3.7871449e+01   3.9754625e+01   3.7780759e+01   4.4755527e+01   3.7787401e+01   3.2865815e+01
   3.6748961e+01   3.6850819e+01   3.2812337e+01   4.2582491e+01   3.7013210e+01   4.3686078e+01   3.6507465e+01   3.5553951e+01   2.9949441e+01   4.1407298e+01   3.5988135e+01   2.6523227e+01   2.9121713e+01   4.2027535e+01   3.5707006e+01   3.7969079e+01   3.8093283e+01   3.3205320e+01   3.4106130e+01   3.5032540e+01   2.9752308e+01   3.2421766e+01   3.9996734e+01   3.6886012e+01   2.4468171e+01   3.4853847e+01   3.7780759e+01   4.2660139e+01   3.4832960e+01   2.8823394e+01
   2.7100472e+01   2.7608520e+01   3.1492686e+01   3.1400998e+01   3.0461228e+01   2.9753641e+01   3.6507465e+01   2.7532611e+01   2.9949441e+01   3.6162737e+01   2.5353498e+01   2.6523227e+01   2.8107331e+01   2.9108458e+01   3.3019000e+01   3.1540716e+01   2.2381427e+01   3.1086815e+01   3.4106130e+01   2.9240077e+01   2.7818226e+01   2.6030228e+01   3.3705344e+01   3.4586549e+01   2.4468171e+01   3.4853847e+01   3.1107132e+01   3.6878757e+01   3.0129216e+01   2.8823394e+01
   2.7100472e+01   2.0079451e+01   2.4812240e+01   2.9471635e+01   2.7095130e+01   2.2792954e+01   2.8255574e+01   2.7532611e+01   2.8988020e+01   3.4335463e+01   2.5353498e+01   2.5077736e+01   2.8107331e+01   2.8532573e+01   2.7240470e+01   2.8211582e+01   2.2381427e+01   2.7759195e+01   2.8481390e+01   2.5738779e+01   1.9786471e+01   2.1760388e+01   2.3789538e+01   2.5843172e+01   2.4468171e+01   2.5955225e+01   2.4793610e+01   2.7124615e+01   2.3848923e+01   2.8823394e+01
   2.6765530e+01   2.0079451e+01   2.0350453e+01   2.4729937e+01   1.9155934e+01   1.5723770e+01   2.2389404e+01   2.6633770e+01   2.3974523e+01   2.4594411e+01   2.2440447e+01   2.4951277e+01   1.9938294e+01   1.9662662e+01   1.8978963e+01   2.7328027e+01   2.2381427e+01   2.7759195e+01   2.5358091e+01   2.2344814e+01   1.3157630e+01   1.3369465e+01   2.3789538e+01   2.4144287e+01   2.4468171e+01   1.9585976e+01   1.5733047e+01   2.6134971e+01   1.6423196e+01   2.0048330e+01
